-7.000000
-6.780000
-6.560000
-6.340000
-6.120000
-5.900000
-5.680000
-5.460000
-5.240000
-5.020000
-4.800000
-4.580000
-4.360000
-4.140000
-3.920000
-3.700000
-3.480000
-3.260000
-3.040000
-2.820000
-2.600000
-2.380000
-2.160000
-1.940000
-1.720000
-1.500000
-1.280000
-1.060000
-0.840000
-0.620000
-0.400000
-0.180000
0.040000
0.260000
0.480000
0.700000
0.920000
1.140000
1.360000
1.580000
1.800000
2.020000
2.240000
2.460000
2.680000
2.900000
3.120000
3.340000
3.560000
3.780000
4.000000
4.220000
4.440000
4.660000
4.880000
5.100000
5.320000
5.540000
5.760000
5.980000
6.200000
6.420000
6.640000
6.860000
7.080000
7.300000
7.520000
7.740000
7.960000
8.180000
8.400000
8.620000
8.840000
9.060000
9.280000
9.500000
9.720000
9.940000
10.160000
10.380000
10.600000
10.820000
11.040000
11.260000
11.480000
11.700000
11.920000
12.140000
12.360000
12.580000
12.800000
13.020000
13.240000
13.460000
13.680000
13.900000
14.120000
14.340000
14.560000
14.780000
15.000000
