-19.000000
-18.670000
-18.340000
-18.010000
-17.680000
-17.350000
-17.020000
-16.690000
-16.360000
-16.030000
-15.700000
-15.370000
-15.040000
-14.710000
-14.380000
-14.050000
-13.720000
-13.390000
-13.060000
-12.730000
-12.400000
-12.070000
-11.740000
-11.410000
-11.080000
-10.750000
-10.420000
-10.090000
-9.760000
-9.430000
-9.100000
-8.770000
-8.440000
-8.110000
-7.780000
-7.450000
-7.120000
-6.790000
-6.460000
-6.130000
-5.800000
-5.470000
-5.140000
-4.810000
-4.480000
-4.150000
-3.820000
-3.490000
-3.160000
-2.830000
-2.500000
-2.170000
-1.840000
-1.510000
-1.180000
-0.850000
-0.520000
-0.190000
0.140000
0.470000
0.800000
1.130000
1.460000
1.790000
2.120000
2.450000
2.780000
3.110000
3.440000
3.770000
4.100000
4.430000
4.760000
5.090000
5.420000
5.750000
6.080000
6.410000
6.740000
7.070000
7.400000
7.730000
8.060000
8.390000
8.720000
9.050000
9.380000
9.710000
10.040000
10.370000
10.700000
11.030000
11.360000
11.690000
12.020000
12.350000
12.680000
13.010000
13.340000
13.670000
14.000000
