3.000000
2.890000
2.780000
2.670000
2.560000
2.450000
2.340000
2.230000
2.120000
2.010000
1.900000
1.790000
1.680000
1.570000
1.460000
1.350000
1.240000
1.130000
1.020000
0.910000
0.800000
0.690000
0.580000
0.470000
0.360000
0.250000
0.140000
0.030000
-0.080000
-0.190000
-0.300000
-0.410000
-0.520000
-0.630000
-0.740000
-0.850000
-0.960000
-1.070000
-1.180000
-1.290000
-1.400000
-1.510000
-1.620000
-1.730000
-1.840000
-1.950000
-2.060000
-2.170000
-2.280000
-2.390000
-2.500000
-2.610000
-2.720000
-2.830000
-2.940000
-3.050000
-3.160000
-3.270000
-3.380000
-3.490000
-3.600000
-3.710000
-3.820000
-3.930000
-4.040000
-4.150000
-4.260000
-4.370000
-4.480000
-4.590000
-4.700000
-4.810000
-4.920000
-5.030000
-5.140000
-5.250000
-5.360000
-5.470000
-5.580000
-5.690000
-5.800000
-5.910000
-6.020000
-6.130000
-6.240000
-6.350000
-6.460000
-6.570000
-6.680000
-6.790000
-6.900000
-7.010000
-7.120000
-7.230000
-7.340000
-7.450000
-7.560000
-7.670000
-7.780000
-7.890000
-8.000000
